12.19746988700569346086067259706399887166817635875105873936943909838963187318040874677558570054625337541019894563850500466359899948657902885605128317855391182325285850909281925677947056381736008557691622194125841196170797763241925148031254848126927720709616031481986212637591010194710515476231088789924104676249443051520434669633987403651015774621487951838557534575284545158609158870013018318208863330627849286574752042510019189170249367258451039410393985712945868475406941761716879974955459647465559116931910781945933785404399954399167599095815549906925192962724032897115383774233807122008057359781805041398
12.169232272977047797350399164838448973544359607209329095563021197992002147694561714019331402072905100540882252173368652422954701107895729404920917142313672157586579269172792298027121696881696601889827655487039867986091380349823944222520912248512552209122291661168872733610996202328939089960251435496411580946678202622701740196838418059792241031489387335309447284151524640743961207770537486757661922113931885686956671129884191643483926242788528663287273986018502829487532126812082399891625378535084530121999676221671226664531399273369141
13.606271384946563692651636168475964885268688480288266808381862362998953515532972988329345863806062838861345019617331988312946197257180971794696118038465934161249902745994502740190359140821519728991465819326704143059671079506798114045482508173676152627482446242516954941604464435559824706999985541640919711971027711372022390320835220072537085354447335159647472320743394403048337324494522316582544048232669010688310348999307504639551720906934731350648925854211693989594089102121431733234354802286234675133749925949490545036469221383751199934614041952642836067382914408124097400771178239520726386
13.748058955145216638258687313139534176629920694117015449420581851982557399155875295396615871677477608834339561340029628558299535182472045845111512935689464195954657565864060334610111661723576996863686392782831310746754638568870022754854586672332256281224940915324530329271180399767783890450946527718478199566649349612747841702264677251926708510205961382936518759299060461922978771417873466983395453148834284748191635636423897199670219966287220255942157197529226119601978555562374243484251161846036647560660467684656260668909181563383869385070275966
13.1791982574305781050817814481408861334610416633879797162567888178944939297058031026697086978397808693746701478876220877303114210248630743774510621341324566531280729259521124506633522147321922042232023092426169057807144257912706257995589827480407353300477095278113598884889264227512911755286693869048237998679247537132735083234639004778325083267751742248783949481262401047119594441742377154626840228970816537213252119501764609728427176022255270761397466771593882272324684507654839203327380182748269368317599233131130269545160715677700013180358898542262960483401366422136438043779978302477;
13.30911599595558616405625383507058325701898786487945347284402284532714713005859092313748223159885379749321430836890297712929021998455389637950960248359643404859104148230032999871413934617481626760444557148845259548378370437390180362166977866286426542127358713730952686871616723505593732606816177662823912716775136835641284979999967912216019564400184385647932887389590938106347036470006589713257583801630097450990607765512424228272271914792355555804244845679135070056448605263246769901027018437929180459734432404071066544059307000371171404079968397059621859550700983217247848292304847780;
13.78063792598072700521256838861457643447430671278635948187762483788216226913647792633917955152470500535213447189299900221222566338613999243629392589541210340163318912171270269971086025095552196063901878401981125698582102875831317389439515216102435684187378587787246470463070899941940026513694627479393564848320125533378099023051259178551969170107500188582223506148176111268020915720391556120187215256823300100042681469640230264230286422145658473924133883635039780177683406326755029693285517879897163036222779161755054614080669776602742095512808373142215038990437865916220833:
14.239082551097255322656398933326605950040910167336898825846058642666420077882307211281851716923478261055457154451181347101155890904518904258802403629955295931344966747744091782097953399995745410391129534910911934838520849027253301177269470193757822415701662376609501212662102317549539054399998510436949780395400183792368004846953881301725518052971037978601286076876471413691341758116375084875034900973159603232992111702912174386288467834222517020309274711722713912718810969730003983355853655328996531019561675917069278235761986789586864892275320328
14.783274215354914548650795606120995609281693393377742991219512955204701533361665142746763357524927438613626289526709881726734110382336960841944497247612758352872208528299741026002290262974722510736221010479103030362660371794817807564255497879648358488192538325358779558108905231961088077793438715236070198258508365380394623887974044778517120894527665604219096414426460823820013572302776762842539815166283441242083043625202165724408810332067182696598913613871906725057152831651891742551285833869101837449975426126260903303493354224192944206393779123004749269237925993657318976033992798892927697790154789499522=
14.74171515635520237156740953926273990978575277334547139104080590722017126686463635080725667997495610683173953786377638963458241703048511833483065026081768507782724112659477014316321378783576699971681043149091695373941939375638810335268064122192922639942471074099768205435919830590057456741908237785420358527167816701144879742201130599115917913333304510669452913543916387684516214139969809824675391904234300727147982533936593177419477388955379213168040880252323289455614829017319252760850113403250826887479614049271889325237508544289306725667134310=
